18 0.403846 0.239423 0.023077 0.044231
4 0.153846 0.915385 0.180769 0.169231
4 0.588462 0.517308 0.096154 0.096154
4 0.304808 0.513462 0.090385 0.111538
4 0.440385 0.406731 0.069231 0.086538
16 0.522115 0.304808 0.067308 0.071154
4 0.390385 0.309615 0.053846 0.065385
4 0.458654 0.250962 0.044231 0.048077
4 0.515385 0.209615 0.042308 0.042308
4 0.470192 0.181731 0.028846 0.032692
4 0.424038 0.183654 0.032692 0.032692
4 0.543269 0.155769 0.032692 0.030769
4 0.474038 0.147115 0.025000 0.025000
4 0.449038 0.138462 0.032692 0.026923
