4 0.425962 0.610577 0.098077 0.125000
4 0.325962 0.475962 0.086538 0.101923
4 0.539423 0.473077 0.078846 0.100000
4 0.440385 0.339423 0.057692 0.071154
4 0.377885 0.291346 0.055769 0.055769
4 0.532692 0.252885 0.042308 0.044231
4 0.452885 0.225000 0.032692 0.050000
4 0.395192 0.246154 0.040385 0.046154
4 0.418269 0.193269 0.036538 0.040385
16 0.499038 0.191346 0.028846 0.048077
4 0.459615 0.172115 0.026923 0.028846
4 0.505769 0.152885 0.026923 0.032692
18 0.428846 0.159615 0.019231 0.034615
4 0.477885 0.140385 0.025000 0.026923
